\fixlen = T
|set|BJD          |Normalized_Flux|
|int|double       |double         |
 0   2453877.71866 .999421         
 0   2453877.71935 .999318         
 0   2453877.72005 .999580         
 0   2453877.72074 .999518         
 0   2453877.72143 .999498         
 0   2453877.72213 .999603         
 0   2453877.72282 .999592         
 0   2453877.72352 .999637         
 0   2453877.72421 .999532         
 0   2453877.72491 .999610         
 0   2453877.72560 .999650         
 0   2453877.72630 .999656         
 0   2453877.72699 .999722         
 0   2453877.72768 .999657         
 0   2453877.72838 .999663         
 0   2453877.72907 .999693         
 0   2453877.72977 .999633         
 0   2453877.73046 .999731         
 0   2453877.73116 .999737         
 0   2453877.73185 .999902         
 0   2453877.73255 .999894         
 0   2453877.73324 .999871         
 0   2453877.73394 .999725         
 0   2453877.73463 .999678         
 0   2453877.73532 .999782         
 0   2453877.73602 .999802         
 0   2453877.73671 .999690         
 0   2453877.73741 .999676         
 0   2453877.73810 .999770         
 0   2453877.73880 .999894         
 0   2453877.73949 .999719         
 0   2453877.74019 .999765         
 0   2453877.74088 .999849         
 0   2453877.74157 .999704         
 0   2453877.74227 .999805         
 0   2453877.74296 .999818         
 0   2453877.74366 .999820         
 0   2453877.74435 .999803         
 0   2453877.74505 .999770         
 0   2453877.74574 .999871         
 0   2453877.74644 .999912         
 0   2453877.74713 .999878         
 0   2453877.78192 1.000047        
 0   2453877.78262 .999990         
 0   2453877.78331 .999987         
 0   2453877.78401 .999925         
 0   2453877.78470 .999977         
 0   2453877.78540 1.000030        
 0   2453877.78609 1.000085        
 0   2453877.78679 .999877         
 0   2453877.78748 .999989         
 0   2453877.78817 .999914         
 0   2453877.78887 .999984         
 0   2453877.78956 .999957         
 0   2453877.79026 1.000049        
 0   2453877.79095 1.000052        
 0   2453877.79165 1.000096        
 0   2453877.79234 .999870         
 0   2453877.79304 1.000008        
 0   2453877.79373 .999914         
 0   2453877.79443 .999965         
 0   2453877.79512 .999973         
 0   2453877.79581 1.000151        
 0   2453877.79651 1.000053        
 0   2453877.79720 .999957         
 0   2453877.79790 1.000005        
 0   2453877.79859 1.000056        
 0   2453877.79929 1.000014        
 0   2453877.79998 1.000030        
 0   2453877.80068 1.000042        
 0   2453877.80137 1.000098        
 0   2453877.80206 .999952         
 0   2453877.80276 1.000043        
 0   2453877.80345 .999927         
 0   2453877.80415 .999988         
 0   2453877.80484 .999874         
 0   2453877.80554 .999878         
 0   2453877.80623 .999906         
 0   2453877.80693 .999902         
 0   2453877.80762 1.000039        
 0   2453877.80832 .999922         
 0   2453877.80901 .999946         
 0   2453877.80970 1.000070        
 0   2453877.81040 .999929         
 0   2453877.81109 1.000059        
 0   2453877.81179 1.000080        
 0   2453877.81248 1.000097        
 0   2453877.81318 1.000183        
 0   2453877.84854 .985203         
 0   2453877.84923 .984074         
 0   2453877.84993 .982891         
 0   2453877.85062 .981776         
 0   2453877.85132 .980874         
 0   2453877.85201 .980014         
 0   2453877.85270 .979057         
 0   2453877.85340 .978472         
 0   2453877.85409 .977835         
 0   2453877.85479 .977513         
 0   2453877.85548 .977239         
 0   2453877.85618 .976938         
 0   2453877.85687 .976604         
 0   2453877.85757 .976327         
 0   2453877.85826 .976068         
 0   2453877.85896 .975915         
 0   2453877.85965 .975831         
 0   2453877.86034 .975645         
 0   2453877.86104 .975351         
 0   2453877.86173 .975255         
 0   2453877.86243 .975202         
 0   2453877.86312 .975087         
 0   2453877.86382 .975059         
 0   2453877.86451 .974728         
 0   2453877.86521 .974742         
 0   2453877.86590 .974774         
 0   2453877.86659 .974680         
 0   2453877.86729 .974593         
 0   2453877.86798 .974438         
 0   2453877.86868 .974300         
 0   2453877.86937 .974379         
 0   2453877.87007 .974242         
 0   2453877.87076 .974251         
 0   2453877.87146 .974048         
 0   2453877.87215 .974129         
 0   2453877.87285 .974123         
 0   2453877.87354 .974010         
 0   2453877.87423 .973961         
 0   2453877.87493 .974121         
 0   2453877.87562 .974117         
 0   2453877.87632 .974279         
 0   2453877.87701 .974439         
 0   2453877.87771 .974709         
 0   2453877.87840 .974962         
 0   2453877.87910 .975154         
 0   2453877.87979 .975288         
 0   2453877.91516 1.000025        
 0   2453877.91586 .999948         
 0   2453877.91655 1.000044        
 0   2453877.91725 .999965         
 0   2453877.91794 1.000062        
 0   2453877.91864 1.000053        
 0   2453877.91933 1.000002        
 0   2453877.92002 1.000097        
 0   2453877.92072 .999979         
 0   2453877.92141 1.000032        
 0   2453877.92211 .999969         
 0   2453877.92280 .999958         
 0   2453877.92350 .999968         
 0   2453877.92419 1.000063        
 0   2453877.92489 1.000030        
 0   2453877.92558 1.000003        
 0   2453877.92627 1.000032        
 0   2453877.92697 .999954         
 0   2453877.92766 .999920         
 0   2453877.92836 .999967         
 0   2453877.92905 1.000043        
 0   2453877.92975 1.000030        
 0   2453877.93044 1.000049        
 0   2453877.93114 1.000129        
 0   2453877.93183 1.000082        
 0   2453877.93253 1.000095        
 0   2453877.93322 1.000030        
 0   2453877.93391 1.000136        
 0   2453877.93461 .999996         
 0   2453877.93530 .999981         
 0   2453877.93600 1.000034        
 0   2453877.93669 1.000067        
 0   2453877.93739 .999986         
 0   2453877.93808 .999924         
 0   2453877.93878 .999844         
 0   2453877.93947 .999946         
 0   2453877.94016 .999938         
 0   2453877.94086 .999946         
 0   2453877.94155 1.000054        
 0   2453877.94225 1.000022        
 0   2453877.94294 .999942         
 0   2453877.94364 .999983         
 0   2453877.94433 .999857         
 0   2453877.94503 1.000029        
 0   2453877.94572 1.000067        
 0   2453877.94641 1.000051        
 0   2453877.98176 1.000046        
 0   2453877.98246 1.000020        
 0   2453877.98315 1.000021        
 0   2453877.98385 .999940         
 0   2453877.98454 .999916         
 0   2453877.98524 .999917         
 0   2453877.98593 .999893         
 0   2453877.98663 .999900         
 0   2453877.98732 1.000027        
 0   2453877.98802 1.000203        
 0   2453877.98871 .999822         
 0   2453877.98940 .999914         
 0   2453877.99010 .999963         
 0   2453877.99079 1.000028        
 0   2453877.99149 1.000022        
 0   2453877.99218 1.000007        
 0   2453877.99288 1.000083        
 0   2453877.99357 1.000091        
 0   2453877.99427 1.000004        
 0   2453877.99496 .999895         
 0   2453877.99565 1.000113        
 0   2453877.99635 .999917         
 0   2453877.99704 1.000082        
 0   2453877.99774 1.000111        
 0   2453877.99843 1.000049        
 0   2453877.99913 1.000016        
 0   2453877.99982 1.000062        
 0   2453878.00052 1.000050        
 0   2453878.00121 .999995         
 0   2453878.00191 .999966         
 0   2453878.00260 1.000051        
 0   2453878.00329 .999912         
 0   2453878.00399 1.000065        
 0   2453878.00468 .999982         
 0   2453878.00538 .999912         
 0   2453878.00607 1.000005        
 0   2453878.00677 .999959         
 0   2453878.00746 .999916         
 0   2453878.00816 .999974         
 0   2453878.00885 .999892         
 0   2453878.00954 1.000015        
 0   2453878.01024 .999991         
 0   2453878.01093 .999993         
 0   2453878.01163 1.000037        
 0   2453878.01232 .999997         
 0   2453882.11510 .999846         
 0   2453882.11580 .999912         
 0   2453882.11649 .999924         
 0   2453882.11719 .999953         
 0   2453882.11788 .999894         
 0   2453882.11858 .999878         
 0   2453882.11927 .999939         
 0   2453882.11997 .999957         
 0   2453882.12066 1.000008        
 0   2453882.12135 .999958         
 0   2453882.12205 .999991         
 0   2453882.12274 .999994         
 0   2453882.12344 1.000043        
 0   2453882.12413 1.000049        
 0   2453882.12483 .999920         
 0   2453882.12552 .999927         
 0   2453882.12622 .999921         
 0   2453882.12691 .999843         
 0   2453882.12760 .999979         
 0   2453882.12830 .999983         
 0   2453882.12899 .999894         
 0   2453882.12969 1.000075        
 0   2453882.13038 1.000031        
 0   2453882.13108 1.000000        
 0   2453882.13177 .999960         
 0   2453882.13247 .999914         
 0   2453882.13316 .999910         
 0   2453882.13386 .999880         
 0   2453882.13455 1.000011        
 0   2453882.13524 1.000010        
 0   2453882.13594 .999921         
 0   2453882.13663 .999878         
 0   2453882.13733 .999992         
 0   2453882.13802 .999899         
 0   2453882.13872 .999942         
 0   2453882.13941 .999943         
 0   2453882.14011 1.000056        
 0   2453882.14080 .999967         
 0   2453882.14149 .999899         
 0   2453882.14219 .999899         
 0   2453882.14288 .999921         
 0   2453882.14358 .999981         
 0   2453882.17837 1.000063        
 0   2453882.17907 1.000003        
 0   2453882.17976 1.000061        
 0   2453882.18046 1.000089        
 0   2453882.18115 1.000005        
 0   2453882.18184 1.000063        
 0   2453882.18254 .999995         
 0   2453882.18323 .999957         
 0   2453882.18393 1.000021        
 0   2453882.18462 .999959         
 0   2453882.18532 .999907         
 0   2453882.18601 .999972         
 0   2453882.18671 .999948         
 0   2453882.18740 .999951         
 0   2453882.18809 1.000054        
 0   2453882.18879 1.000051        
 0   2453882.18948 .999923         
 0   2453882.19018 1.000073        
 0   2453882.19087 .999940         
 0   2453882.19157 1.000040        
 0   2453882.19226 .999800         
 0   2453882.19296 1.000014        
 0   2453882.19365 1.000100        
 0   2453882.19435 .999985         
 0   2453882.19504 1.000024        
 0   2453882.19573 .999958         
 0   2453882.19643 .999995         
 0   2453882.19712 .999929         
 0   2453882.19782 .999952         
 0   2453882.19851 .999913         
 0   2453882.19921 .999984         
 0   2453882.19990 .999935         
 0   2453882.20060 1.000054        
 0   2453882.20129 1.000050        
 0   2453882.20198 .999942         
 0   2453882.20268 1.000008        
 0   2453882.20337 1.000024        
 0   2453882.20407 1.000011        
 0   2453882.20476 .999999         
 0   2453882.20546 .999978         
 0   2453882.20615 .999956         
 0   2453882.20685 1.000100        
 0   2453882.20754 1.000005        
 0   2453882.20824 .999966         
 0   2453882.20893 1.000091        
 0   2453882.20962 1.000123        
 0   2453882.24499 .999985         
 0   2453882.24568 .999996         
 0   2453882.24637 .999951         
 0   2453882.24707 .999944         
 0   2453882.24776 .999932         
 0   2453882.24846 1.000004        
 0   2453882.24915 .999960         
 0   2453882.24985 1.000030        
 0   2453882.25054 1.000067        
 0   2453882.25124 .999997         
 0   2453882.25193 1.000040        
 0   2453882.25262 1.000105        
 0   2453882.25332 1.000033        
 0   2453882.25401 1.000000        
 0   2453882.25471 .999917         
 0   2453882.25540 1.000009        
 0   2453882.25610 .999968         
 0   2453882.25679 .999993         
 0   2453882.25749 .999962         
 0   2453882.25818 .999884         
 0   2453882.25888 .999886         
 0   2453882.25957 1.000029        
 0   2453882.26026 .999951         
 0   2453882.26096 1.000113        
 0   2453882.26165 1.000008        
 0   2453882.26235 1.000005        
 0   2453882.26304 1.000061        
 0   2453882.26374 .999987         
 0   2453882.26443 1.000026        
 0   2453882.26513 1.000038        
 0   2453882.26582 1.000005        
 0   2453882.26651 1.000016        
 0   2453882.26721 1.000030        
 0   2453882.26790 1.000032        
 0   2453882.26860 1.000034        
 0   2453882.26929 1.000008        
 0   2453882.26999 .999947         
 0   2453882.27068 .999927         
 0   2453882.27138 1.000006        
 0   2453882.27207 1.000160        
 0   2453882.27277 .999994         
 0   2453882.27346 .999968         
 0   2453882.27415 .999990         
 0   2453882.27485 .999782         
 0   2453882.27554 .999306         
 0   2453882.27624 .998806         
 0   2453882.31159 .974564         
 0   2453882.31228 .974433         
 0   2453882.31298 .974369         
 0   2453882.31367 .974521         
 0   2453882.31437 .974591         
 0   2453882.31506 .974503         
 0   2453882.31575 .974516         
 0   2453882.31645 .974431         
 0   2453882.31714 .974580         
 0   2453882.31784 .974605         
 0   2453882.31853 .974650         
 0   2453882.31923 .974784         
 0   2453882.31992 .974910         
 0   2453882.32062 .975130         
 0   2453882.32131 .975197         
 0   2453882.32200 .975247         
 0   2453882.32270 .975413         
 0   2453882.32339 .975496         
 0   2453882.32409 .975548         
 0   2453882.32478 .975705         
 0   2453882.32548 .976061         
 0   2453882.32617 .976213         
 0   2453882.32687 .976414         
 0   2453882.32756 .976701         
 0   2453882.32826 .976888         
 0   2453882.32895 .977180         
 0   2453882.32964 .977311         
 0   2453882.33034 .977474         
 0   2453882.33103 .977641         
 0   2453882.33173 .977925         
 0   2453882.33242 .978254         
 0   2453882.33312 .978787         
 0   2453882.33381 .979435         
 0   2453882.33450 .980293         
 0   2453882.33520 .981302         
 0   2453882.33589 .982176         
 0   2453882.33659 .983150         
 0   2453882.33728 .984166         
 0   2453882.33798 .985104         
 0   2453882.33867 .986213         
 0   2453882.33937 .987396         
 0   2453882.34006 .988545         
 0   2453882.34075 .989660         
 0   2453882.34145 .990846         
 0   2453882.34214 .991915         
 0   2453882.34284 .992979         
 0   2453882.37820 1.000051        
 0   2453882.37889 .999939         
 0   2453882.37959 .999939         
 0   2453882.38028 .999931         
 0   2453882.38098 .999971         
 0   2453882.38167 1.000019        
 0   2453882.38237 .999960         
 0   2453882.38306 1.000019        
 0   2453882.38376 1.000016        
 0   2453882.38445 1.000050        
 0   2453882.38515 .999973         
 0   2453882.38584 1.000055        
 0   2453882.38653 .999991         
 0   2453882.38723 .999995         
 0   2453882.38792 1.000002        
 0   2453882.38862 1.000040        
 0   2453882.38931 1.000013        
 0   2453882.39001 1.000033        
 0   2453882.39070 .999979         
 0   2453882.39140 1.000100        
 0   2453882.39209 .999976         
 0   2453882.39278 1.000084        
 0   2453882.39348 .999999         
 0   2453882.39417 1.000041        
 0   2453882.39487 1.000042        
 0   2453882.39556 1.000141        
 0   2453882.39626 1.000025        
 0   2453882.39695 1.000025        
 0   2453882.39765 1.000074        
 0   2453882.39834 .999995         
 0   2453882.39904 1.000012        
 0   2453882.39973 1.000046        
 0   2453882.40042 1.000047        
 0   2453882.40112 .999952         
 0   2453882.40181 .999984         
 0   2453882.40251 .999924         
 0   2453882.40320 1.000013        
 0   2453882.40390 .999901         
 0   2453882.40459 .999971         
 0   2453882.40529 .999969         
 0   2453882.40598 .999957         
 0   2453882.40667 .999978         
 0   2453882.40737 .999960         
 0   2453882.40806 .999921         
 0   2453882.40876 .999872         
 0   2453930.94625 .999770         
 0   2453930.94694 .999813         
 0   2453930.94764 .999652         
 0   2453930.94833 .999909         
 0   2453930.94902 .999828         
 0   2453930.94972 .999912         
 0   2453930.95041 1.000002        
 0   2453930.95111 .999957         
 0   2453930.95180 .999938         
 0   2453930.95250 .999941         
 0   2453930.95319 .999825         
 0   2453930.95389 .999858         
 0   2453930.95458 .999813         
 0   2453930.95527 .999897         
 0   2453930.95597 .999836         
 0   2453930.95666 .999929         
 0   2453930.95736 .999719         
 0   2453930.95805 .999857         
 0   2453930.95875 .999862         
 0   2453930.95944 .999853         
 0   2453930.96014 .999869         
 0   2453930.96083 .999884         
 0   2453930.96152 .999822         
 0   2453930.96222 .999784         
 0   2453930.96291 .999805         
 0   2453930.96361 .999905         
 0   2453930.96430 .999925         
 0   2453930.96500 .999860         
 0   2453930.96569 .999963         
 0   2453930.96639 .999957         
 0   2453930.96708 .999923         
 0   2453930.96777 .999963         
 0   2453930.96847 .999794         
 0   2453930.96916 .999974         
 0   2453930.96986 .999926         
 0   2453930.97055 .999937         
 0   2453930.97125 .999949         
 0   2453930.97194 .999936         
 0   2453930.97264 .999884         
 0   2453930.97333 .999937         
 0   2453930.97402 .999846         
 0   2453930.97472 1.000044        
 0   2453931.00996 .999941         
 0   2453931.01066 .999926         
 0   2453931.01135 .999918         
 0   2453931.01205 .999967         
 0   2453931.01274 1.000029        
 0   2453931.01343 1.000024        
 0   2453931.01413 .999984         
 0   2453931.01482 .999971         
 0   2453931.01552 .999984         
 0   2453931.01621 1.000120        
 0   2453931.01691 .999923         
 0   2453931.01760 .999991         
 0   2453931.01830 1.000002        
 0   2453931.01899 1.000074        
 0   2453931.01968 .999957         
 0   2453931.02038 1.000096        
 0   2453931.02107 .999909         
 0   2453931.02177 1.000010        
 0   2453931.02246 .999847         
 0   2453931.02316 1.000104        
 0   2453931.02385 1.000014        
 0   2453931.02455 1.000038        
 0   2453931.02524 .999933         
 0   2453931.02593 1.000025        
 0   2453931.02663 .999937         
 0   2453931.02732 1.000044        
 0   2453931.02802 .999892         
 0   2453931.02871 1.000050        
 0   2453931.02941 .999956         
 0   2453931.03010 1.000027        
 0   2453931.03080 .999907         
 0   2453931.03149 .999923         
 0   2453931.03218 1.000126        
 0   2453931.03288 .999977         
 0   2453931.03357 .999941         
 0   2453931.03427 1.000104        
 0   2453931.03496 1.000059        
 0   2453931.03566 1.000036        
 0   2453931.03635 1.000013        
 0   2453931.03705 1.000026        
 0   2453931.03774 .999972         
 0   2453931.03843 1.000054        
 0   2453931.03913 .999984         
 0   2453931.03982 .999984         
 0   2453931.04052 .999953         
 0   2453931.04121 1.000075        
 0   2453931.07659 1.000013        
 0   2453931.07729 1.000072        
 0   2453931.07798 .999956         
 0   2453931.07868 .999954         
 0   2453931.07937 .999937         
 0   2453931.08007 1.000164        
 0   2453931.08076 1.000045        
 0   2453931.08146 .999950         
 0   2453931.08215 .999862         
 0   2453931.08284 .999918         
 0   2453931.08354 .999778         
 0   2453931.08423 .999452         
 0   2453931.08493 .998842         
 0   2453931.08562 .998183         
 0   2453931.08632 .997402         
 0   2453931.08701 .996602         
 0   2453931.08771 .995694         
 0   2453931.08840 .994749         
 0   2453931.08909 .993606         
 0   2453931.08979 .992576         
 0   2453931.09048 .991405         
 0   2453931.09118 .990446         
 0   2453931.09187 .989251         
 0   2453931.09257 .988282         
 0   2453931.09326 .987066         
 0   2453931.09396 .985922         
 0   2453931.09465 .984609         
 0   2453931.09534 .983638         
 0   2453931.09604 .982502         
 0   2453931.09673 .981591         
 0   2453931.09743 .980599         
 0   2453931.09812 .979740         
 0   2453931.09882 .979071         
 0   2453931.09951 .978445         
 0   2453931.10021 .977849         
 0   2453931.10090 .977795         
 0   2453931.10159 .977366         
 0   2453931.10229 .977239         
 0   2453931.10298 .976853         
 0   2453931.10368 .976689         
 0   2453931.10437 .976245         
 0   2453931.10507 .976073         
 0   2453931.10576 .975916         
 0   2453931.10646 .975759         
 0   2453931.10715 .975446         
 0   2453931.10784 .975514         
 0   2453931.14321 .980674         
 0   2453931.14391 .981477         
 0   2453931.14460 .982317         
 0   2453931.14530 .983305         
 0   2453931.14599 .984161         
 0   2453931.14669 .985325         
 0   2453931.14738 .986309         
 0   2453931.14808 .987544         
 0   2453931.14877 .988529         
 0   2453931.14946 .989886         
 0   2453931.15016 .990903         
 0   2453931.15085 .992167         
 0   2453931.15155 .993042         
 0   2453931.15224 .994226         
 0   2453931.15294 .995195         
 0   2453931.15363 .996222         
 0   2453931.15433 .997006         
 0   2453931.15502 .997919         
 0   2453931.15571 .998494         
 0   2453931.15641 .999260         
 0   2453931.15710 .999645         
 0   2453931.15780 .999899         
 0   2453931.15849 1.000040        
 0   2453931.15919 1.000070        
 0   2453931.15988 .999968         
 0   2453931.16058 1.000074        
 0   2453931.16127 .999944         
 0   2453931.16196 1.000002        
 0   2453931.16266 1.000024        
 0   2453931.16335 1.000010        
 0   2453931.16405 .999988         
 0   2453931.16474 .999937         
 0   2453931.16544 1.000052        
 0   2453931.16613 1.000010        
 0   2453931.16683 1.000024        
 0   2453931.16752 1.000079        
 0   2453931.16821 1.000005        
 0   2453931.16891 1.000014        
 0   2453931.16960 .999981         
 0   2453931.17030 1.000047        
 0   2453931.17099 1.000004        
 0   2453931.17169 1.000012        
 0   2453931.17238 .999983         
 0   2453931.17308 1.000002        
 0   2453931.17377 .999965         
 0   2453931.17446 1.000140        
 0   2453931.20985 1.000075        
 0   2453931.21054 1.000044        
 0   2453931.21124 1.000028        
 0   2453931.21193 .999939         
 0   2453931.21262 .999911         
 0   2453931.21332 1.000035        
 0   2453931.21401 .999913         
 0   2453931.21471 1.000082        
 0   2453931.21540 1.000021        
 0   2453931.21610 1.000169        
 0   2453931.21679 1.000052        
 0   2453931.21749 1.000091        
 0   2453931.21818 1.000049        
 0   2453931.21887 1.000039        
 0   2453931.21957 .999961         
 0   2453931.22026 1.000016        
 0   2453931.22096 .999921         
 0   2453931.22165 1.000013        
 0   2453931.22235 .999951         
 0   2453931.22304 1.000095        
 0   2453931.22374 .999880         
 0   2453931.22443 1.000057        
 0   2453931.22512 .999920         
 0   2453931.22582 1.000067        
 0   2453931.22651 .999927         
 0   2453931.22721 1.000041        
 0   2453931.22790 .999913         
 0   2453931.22860 .999970         
 0   2453931.22929 .999831         
 0   2453931.22999 .999946         
 0   2453931.23068 .999847         
 0   2453931.23137 1.000022        
 0   2453931.23207 1.000043        
 0   2453931.23276 1.000021        
 0   2453931.23346 1.000034        
 0   2453931.23415 .999971         
 0   2453931.23485 .999987         
 0   2453931.23554 1.000065        
 0   2453931.23624 .999884         
 0   2453931.23693 .999954         
 0   2453931.23762 .999905         
 0   2453931.23832 1.000065        
 0   2453931.23901 .999993         
 0   2453931.23971 1.000038        
 0   2453931.24040 .999964         
